% Preparation file for modulus calculation,
% with the prime modulus 73
% The exponents and logarithms are calculated
% with the base 5

(SETVECTPROG (QUOTE EXPVECT) 144)
1
5
25
52
41
59
3
15
2
10
50
31
9
45
6
30
4
20
27
62
18
17
12
60
8
40
54
51
36
34
24
47
16
7
35
29
72
68
48
21
32
14
70
58
71
63
23
42
64
28
67
43
69
53
46
11
55
56
61
13
65
33
19
22
37
39
49
26
57
66
38
44
1
5
25
52
41
59
3
15
2
10
50
31
9
45
6
30
4
20
27
62
18
17
12
60
8
40
54
51
36
34
24
47
16
7
35
29
72
68
48
21
32
14
70
58
71
63
23
42
64
28
67
43
69
53
46
11
55
56
61
13
65
33
19
22
37
39
49
26
57
66
38
44
1


(SETVECTPROG (QUOTE LOGVECT) 144)
NIL
0
8
6
16
1
14
33
24
12
9
55
22
59
41
7
32
21
20
62
17
39
63
46
30
2
67
18
49
35
15
11
40
61
29
34
28
64
70
65
25
4
47
51
71
13
54
31
38
66
10
27
3
53
26
56
57
68
43
5
23
58
19
45
48
60
69
50
37
52
42
44
36
NIL
0
8
6
16
1
14
33
24
12
9
55
22
59
41
7
32
21
20
62
17
39
63
46
30
2
67
18
49
35
15
11
40
61
29
34
28
64
70
65
25
4
47
51
71
13
54
31
38
66
10
27
3
53
26
56
57
68
43
5
23
58
19
45
48
60
69
50
37
52
42
44

